{
 "cells": [
  {
   "cell_type": "code",
   "execution_count": 1,
   "metadata": {},
   "outputs": [
    {
     "name": "stdout",
     "output_type": "stream",
     "text": [
      "Importing the dtw module. When using in academic works please cite:\n",
      "  T. Giorgino. Computing and Visualizing Dynamic Time Warping Alignments in R: The dtw Package.\n",
      "  J. Stat. Soft., doi:10.18637/jss.v031.i07.\n",
      "\n"
     ]
    }
   ],
   "source": [
    "import numpy as np\n",
    "import pandas as pd\n",
    "from utils import *"
   ]
  },
  {
   "cell_type": "code",
   "execution_count": 5,
   "metadata": {},
   "outputs": [],
   "source": [
    "total_solar_weather = np.load('total_solar_weather_pm_2013_2020.npy', allow_pickle=True)"
   ]
  },
  {
   "cell_type": "code",
   "execution_count": 11,
   "metadata": {},
   "outputs": [
    {
     "data": {
      "text/plain": [
       "array([0.0, 192.0, -2.4, nan, 0.0, 0.0, 85.0, 4.4, -4.5, 1026.5, 1030.4,\n",
       "       nan, nan, nan, nan, nan, nan, nan, nan, 720.0, nan, nan, -1.3, nan,\n",
       "       nan, nan, nan, '경남 진주시', '도시대기', 238133, '상대동(진주)', 2017010101,\n",
       "       0.002, 0.8, 0.01, 0.024, 60.0, 26.0, '경남 진주시 동진로 279'],\n",
       "      dtype=object)"
      ]
     },
     "execution_count": 11,
     "metadata": {},
     "output_type": "execute_result"
    }
   ],
   "source": [
    "total_solar_weather[0][35064:]"
   ]
  },
  {
   "cell_type": "code",
   "execution_count": 2,
   "metadata": {},
   "outputs": [],
   "source": [
    "locations = config['experiments']['location_used']\n",
    "columns = config['experiments']['features_used']"
   ]
  },
  {
   "cell_type": "code",
   "execution_count": 12,
   "metadata": {},
   "outputs": [],
   "source": [
    "for loc in locations:\n",
    "    temp_data = pd.DataFrame(total_solar_weather[locations.index(loc)][35064:], columns=columns)\n",
    "    temp_data.to_csv(f\"./dataset/total_solar_weather_2017_2020_{loc}.csv\", encoding='cp949')\n",
    "    "
   ]
  },
  {
   "cell_type": "markdown",
   "metadata": {},
   "source": [
    "PCC value 구하기"
   ]
  },
  {
   "cell_type": "code",
   "execution_count": 22,
   "metadata": {},
   "outputs": [
    {
     "data": {
      "text/plain": [
       "(38, 35064)"
      ]
     },
     "execution_count": 22,
     "metadata": {},
     "output_type": "execute_result"
    }
   ],
   "source": [
    "total_solar_weather[:, 35064:, 0].shape"
   ]
  },
  {
   "cell_type": "code",
   "execution_count": 23,
   "metadata": {},
   "outputs": [],
   "source": [
    "locations = config['experiments']['location_used']\n",
    "columns = config['experiments']['features_used']"
   ]
  },
  {
   "cell_type": "code",
   "execution_count": 31,
   "metadata": {},
   "outputs": [],
   "source": [
    "columns = ['발전률',\n",
    " '지점',\n",
    " '기온(°C)',    #!\n",
    " '강수량(mm)',  #!\n",
    " '풍속(m__s)',  #!\n",
    " '풍향(16방위)',\n",
    " '습도(%)',     #!\n",
    " '증기압(hPa)',\n",
    " '이슬점온도(°C)',\n",
    " '현지기압(hPa)',\n",
    " '해면기압(hPa)',\n",
    " '일조(hr)',\n",
    " '일사(MJ__m2)',\n",
    " '적설(cm)',\n",
    " '3시간신적설(cm)',\n",
    " '전운량(10분위)',\n",
    " '중하층운량(10분위)',\n",
    " '운형(운형약어)',\n",
    " '최저운고(100m )',\n",
    " '시정(10m)',\n",
    " '지면상태(지면상태코드)',\n",
    " '현상번호(국내식)',\n",
    " '지면온도(°C)',\n",
    " '5cm 지중온도(°C)',\n",
    " '10cm 지중온도(°C)',\n",
    " '20cm 지중온도(°C)',\n",
    " '30cm 지중온도(°C)',\n",
    " '지역',\n",
    " '망',\n",
    " '측정소코드',\n",
    " '측정소명',\n",
    " '측정일시',\n",
    " 'SO2',\n",
    " 'CO',\n",
    " 'O3',\n",
    " 'NO2',\n",
    " 'PM10',\n",
    " 'PM25',\n",
    " '주소']"
   ]
  },
  {
   "cell_type": "code",
   "execution_count": 32,
   "metadata": {},
   "outputs": [],
   "source": [
    "for col in columns:\n",
    "    temp_data = pd.DataFrame(total_solar_weather[:, 35064:, columns.index(col)].T, columns=locations)\n",
    "    temp_data.to_csv(f\"./dataset/features/total_area_2017_2020_{col}.csv\", encoding='cp949')\n",
    "    "
   ]
  },
  {
   "cell_type": "code",
   "execution_count": 57,
   "metadata": {},
   "outputs": [],
   "source": [
    "solar = pd.read_csv('./dataset/features/total_area_2017_2020_발전률.csv', encoding='cp949', index_col=0)"
   ]
  },
  {
   "cell_type": "code",
   "execution_count": 58,
   "metadata": {},
   "outputs": [
    {
     "data": {
      "text/html": [
       "<div>\n",
       "<style scoped>\n",
       "    .dataframe tbody tr th:only-of-type {\n",
       "        vertical-align: middle;\n",
       "    }\n",
       "\n",
       "    .dataframe tbody tr th {\n",
       "        vertical-align: top;\n",
       "    }\n",
       "\n",
       "    .dataframe thead th {\n",
       "        text-align: right;\n",
       "    }\n",
       "</style>\n",
       "<table border=\"1\" class=\"dataframe\">\n",
       "  <thead>\n",
       "    <tr style=\"text-align: right;\">\n",
       "      <th></th>\n",
       "      <th>경상대</th>\n",
       "      <th>구미</th>\n",
       "      <th>영동</th>\n",
       "      <th>예천</th>\n",
       "      <th>남제주소내</th>\n",
       "      <th>부산복합자재창고</th>\n",
       "      <th>부산복합1단계</th>\n",
       "      <th>부산신항</th>\n",
       "      <th>신인천소내</th>\n",
       "      <th>영월본부</th>\n",
       "      <th>인천수산정수장</th>\n",
       "      <th>하동공설운동장</th>\n",
       "      <th>하동변전소</th>\n",
       "      <th>하동보건소</th>\n",
       "      <th>하동본부</th>\n",
       "      <th>하동정수장</th>\n",
       "      <th>하동하수처리장</th>\n",
       "      <th>대구</th>\n",
       "      <th>신안</th>\n",
       "    </tr>\n",
       "  </thead>\n",
       "  <tbody>\n",
       "    <tr>\n",
       "      <th>0</th>\n",
       "      <td>0.0</td>\n",
       "      <td>0.0</td>\n",
       "      <td>0.000000</td>\n",
       "      <td>0.0</td>\n",
       "      <td>0.0</td>\n",
       "      <td>0.0</td>\n",
       "      <td>0.0</td>\n",
       "      <td>0.0</td>\n",
       "      <td>0.0</td>\n",
       "      <td>0.0</td>\n",
       "      <td>0.0</td>\n",
       "      <td>0.0</td>\n",
       "      <td>0.0</td>\n",
       "      <td>0.0</td>\n",
       "      <td>0.0</td>\n",
       "      <td>0.0</td>\n",
       "      <td>0.0</td>\n",
       "      <td>0.0</td>\n",
       "      <td>0.0</td>\n",
       "    </tr>\n",
       "    <tr>\n",
       "      <th>1</th>\n",
       "      <td>0.0</td>\n",
       "      <td>0.0</td>\n",
       "      <td>0.000000</td>\n",
       "      <td>0.0</td>\n",
       "      <td>0.0</td>\n",
       "      <td>0.0</td>\n",
       "      <td>0.0</td>\n",
       "      <td>0.0</td>\n",
       "      <td>0.0</td>\n",
       "      <td>0.0</td>\n",
       "      <td>0.0</td>\n",
       "      <td>0.0</td>\n",
       "      <td>0.0</td>\n",
       "      <td>0.0</td>\n",
       "      <td>0.0</td>\n",
       "      <td>0.0</td>\n",
       "      <td>0.0</td>\n",
       "      <td>0.0</td>\n",
       "      <td>0.0</td>\n",
       "    </tr>\n",
       "    <tr>\n",
       "      <th>2</th>\n",
       "      <td>0.0</td>\n",
       "      <td>0.0</td>\n",
       "      <td>0.000000</td>\n",
       "      <td>0.0</td>\n",
       "      <td>0.0</td>\n",
       "      <td>0.0</td>\n",
       "      <td>0.0</td>\n",
       "      <td>0.0</td>\n",
       "      <td>0.0</td>\n",
       "      <td>0.0</td>\n",
       "      <td>0.0</td>\n",
       "      <td>0.0</td>\n",
       "      <td>0.0</td>\n",
       "      <td>0.0</td>\n",
       "      <td>0.0</td>\n",
       "      <td>0.0</td>\n",
       "      <td>0.0</td>\n",
       "      <td>0.0</td>\n",
       "      <td>0.0</td>\n",
       "    </tr>\n",
       "    <tr>\n",
       "      <th>3</th>\n",
       "      <td>0.0</td>\n",
       "      <td>0.0</td>\n",
       "      <td>0.000000</td>\n",
       "      <td>0.0</td>\n",
       "      <td>0.0</td>\n",
       "      <td>0.0</td>\n",
       "      <td>0.0</td>\n",
       "      <td>0.0</td>\n",
       "      <td>0.0</td>\n",
       "      <td>0.0</td>\n",
       "      <td>0.0</td>\n",
       "      <td>0.0</td>\n",
       "      <td>0.0</td>\n",
       "      <td>0.0</td>\n",
       "      <td>0.0</td>\n",
       "      <td>0.0</td>\n",
       "      <td>0.0</td>\n",
       "      <td>0.0</td>\n",
       "      <td>0.0</td>\n",
       "    </tr>\n",
       "    <tr>\n",
       "      <th>4</th>\n",
       "      <td>0.0</td>\n",
       "      <td>0.0</td>\n",
       "      <td>0.000000</td>\n",
       "      <td>0.0</td>\n",
       "      <td>0.0</td>\n",
       "      <td>0.0</td>\n",
       "      <td>0.0</td>\n",
       "      <td>0.0</td>\n",
       "      <td>0.0</td>\n",
       "      <td>0.0</td>\n",
       "      <td>0.0</td>\n",
       "      <td>0.0</td>\n",
       "      <td>0.0</td>\n",
       "      <td>0.0</td>\n",
       "      <td>0.0</td>\n",
       "      <td>0.0</td>\n",
       "      <td>0.0</td>\n",
       "      <td>0.0</td>\n",
       "      <td>0.0</td>\n",
       "    </tr>\n",
       "    <tr>\n",
       "      <th>...</th>\n",
       "      <td>...</td>\n",
       "      <td>...</td>\n",
       "      <td>...</td>\n",
       "      <td>...</td>\n",
       "      <td>...</td>\n",
       "      <td>...</td>\n",
       "      <td>...</td>\n",
       "      <td>...</td>\n",
       "      <td>...</td>\n",
       "      <td>...</td>\n",
       "      <td>...</td>\n",
       "      <td>...</td>\n",
       "      <td>...</td>\n",
       "      <td>...</td>\n",
       "      <td>...</td>\n",
       "      <td>...</td>\n",
       "      <td>...</td>\n",
       "      <td>...</td>\n",
       "      <td>...</td>\n",
       "    </tr>\n",
       "    <tr>\n",
       "      <th>35059</th>\n",
       "      <td>0.0</td>\n",
       "      <td>0.0</td>\n",
       "      <td>0.321141</td>\n",
       "      <td>0.0</td>\n",
       "      <td>0.0</td>\n",
       "      <td>0.0</td>\n",
       "      <td>0.0</td>\n",
       "      <td>0.0</td>\n",
       "      <td>0.0</td>\n",
       "      <td>0.0</td>\n",
       "      <td>0.0</td>\n",
       "      <td>0.0</td>\n",
       "      <td>0.0</td>\n",
       "      <td>0.0</td>\n",
       "      <td>0.0</td>\n",
       "      <td>0.0</td>\n",
       "      <td>0.0</td>\n",
       "      <td>0.0</td>\n",
       "      <td>0.0</td>\n",
       "    </tr>\n",
       "    <tr>\n",
       "      <th>35060</th>\n",
       "      <td>0.0</td>\n",
       "      <td>0.0</td>\n",
       "      <td>0.623640</td>\n",
       "      <td>0.0</td>\n",
       "      <td>0.0</td>\n",
       "      <td>0.0</td>\n",
       "      <td>0.0</td>\n",
       "      <td>0.0</td>\n",
       "      <td>0.0</td>\n",
       "      <td>0.0</td>\n",
       "      <td>0.0</td>\n",
       "      <td>0.0</td>\n",
       "      <td>0.0</td>\n",
       "      <td>0.0</td>\n",
       "      <td>0.0</td>\n",
       "      <td>0.0</td>\n",
       "      <td>0.0</td>\n",
       "      <td>0.0</td>\n",
       "      <td>0.0</td>\n",
       "    </tr>\n",
       "    <tr>\n",
       "      <th>35061</th>\n",
       "      <td>0.0</td>\n",
       "      <td>0.0</td>\n",
       "      <td>0.649846</td>\n",
       "      <td>0.0</td>\n",
       "      <td>0.0</td>\n",
       "      <td>0.0</td>\n",
       "      <td>0.0</td>\n",
       "      <td>0.0</td>\n",
       "      <td>0.0</td>\n",
       "      <td>0.0</td>\n",
       "      <td>0.0</td>\n",
       "      <td>0.0</td>\n",
       "      <td>0.0</td>\n",
       "      <td>0.0</td>\n",
       "      <td>0.0</td>\n",
       "      <td>0.0</td>\n",
       "      <td>0.0</td>\n",
       "      <td>0.0</td>\n",
       "      <td>0.0</td>\n",
       "    </tr>\n",
       "    <tr>\n",
       "      <th>35062</th>\n",
       "      <td>0.0</td>\n",
       "      <td>0.0</td>\n",
       "      <td>0.130402</td>\n",
       "      <td>0.0</td>\n",
       "      <td>0.0</td>\n",
       "      <td>0.0</td>\n",
       "      <td>0.0</td>\n",
       "      <td>0.0</td>\n",
       "      <td>0.0</td>\n",
       "      <td>0.0</td>\n",
       "      <td>0.0</td>\n",
       "      <td>0.0</td>\n",
       "      <td>0.0</td>\n",
       "      <td>0.0</td>\n",
       "      <td>0.0</td>\n",
       "      <td>0.0</td>\n",
       "      <td>0.0</td>\n",
       "      <td>0.0</td>\n",
       "      <td>0.0</td>\n",
       "    </tr>\n",
       "    <tr>\n",
       "      <th>35063</th>\n",
       "      <td>0.0</td>\n",
       "      <td>0.0</td>\n",
       "      <td>0.004323</td>\n",
       "      <td>0.0</td>\n",
       "      <td>0.0</td>\n",
       "      <td>0.0</td>\n",
       "      <td>0.0</td>\n",
       "      <td>0.0</td>\n",
       "      <td>0.0</td>\n",
       "      <td>0.0</td>\n",
       "      <td>0.0</td>\n",
       "      <td>0.0</td>\n",
       "      <td>0.0</td>\n",
       "      <td>0.0</td>\n",
       "      <td>0.0</td>\n",
       "      <td>0.0</td>\n",
       "      <td>0.0</td>\n",
       "      <td>0.0</td>\n",
       "      <td>0.0</td>\n",
       "    </tr>\n",
       "  </tbody>\n",
       "</table>\n",
       "<p>35064 rows × 19 columns</p>\n",
       "</div>"
      ],
      "text/plain": [
       "       경상대   구미        영동   예천  남제주소내  부산복합자재창고  부산복합1단계  부산신항  신인천소내  영월본부  \\\n",
       "0      0.0  0.0  0.000000  0.0    0.0       0.0      0.0   0.0    0.0   0.0   \n",
       "1      0.0  0.0  0.000000  0.0    0.0       0.0      0.0   0.0    0.0   0.0   \n",
       "2      0.0  0.0  0.000000  0.0    0.0       0.0      0.0   0.0    0.0   0.0   \n",
       "3      0.0  0.0  0.000000  0.0    0.0       0.0      0.0   0.0    0.0   0.0   \n",
       "4      0.0  0.0  0.000000  0.0    0.0       0.0      0.0   0.0    0.0   0.0   \n",
       "...    ...  ...       ...  ...    ...       ...      ...   ...    ...   ...   \n",
       "35059  0.0  0.0  0.321141  0.0    0.0       0.0      0.0   0.0    0.0   0.0   \n",
       "35060  0.0  0.0  0.623640  0.0    0.0       0.0      0.0   0.0    0.0   0.0   \n",
       "35061  0.0  0.0  0.649846  0.0    0.0       0.0      0.0   0.0    0.0   0.0   \n",
       "35062  0.0  0.0  0.130402  0.0    0.0       0.0      0.0   0.0    0.0   0.0   \n",
       "35063  0.0  0.0  0.004323  0.0    0.0       0.0      0.0   0.0    0.0   0.0   \n",
       "\n",
       "       인천수산정수장  하동공설운동장  하동변전소  하동보건소  하동본부  하동정수장  하동하수처리장   대구   신안  \n",
       "0          0.0      0.0    0.0    0.0   0.0    0.0      0.0  0.0  0.0  \n",
       "1          0.0      0.0    0.0    0.0   0.0    0.0      0.0  0.0  0.0  \n",
       "2          0.0      0.0    0.0    0.0   0.0    0.0      0.0  0.0  0.0  \n",
       "3          0.0      0.0    0.0    0.0   0.0    0.0      0.0  0.0  0.0  \n",
       "4          0.0      0.0    0.0    0.0   0.0    0.0      0.0  0.0  0.0  \n",
       "...        ...      ...    ...    ...   ...    ...      ...  ...  ...  \n",
       "35059      0.0      0.0    0.0    0.0   0.0    0.0      0.0  0.0  0.0  \n",
       "35060      0.0      0.0    0.0    0.0   0.0    0.0      0.0  0.0  0.0  \n",
       "35061      0.0      0.0    0.0    0.0   0.0    0.0      0.0  0.0  0.0  \n",
       "35062      0.0      0.0    0.0    0.0   0.0    0.0      0.0  0.0  0.0  \n",
       "35063      0.0      0.0    0.0    0.0   0.0    0.0      0.0  0.0  0.0  \n",
       "\n",
       "[35064 rows x 19 columns]"
      ]
     },
     "execution_count": 58,
     "metadata": {},
     "output_type": "execute_result"
    }
   ],
   "source": [
    "solar = solar.T.dropna().T\n",
    "solar"
   ]
  },
  {
   "cell_type": "code",
   "execution_count": 59,
   "metadata": {},
   "outputs": [
    {
     "data": {
      "text/html": [
       "<div>\n",
       "<style scoped>\n",
       "    .dataframe tbody tr th:only-of-type {\n",
       "        vertical-align: middle;\n",
       "    }\n",
       "\n",
       "    .dataframe tbody tr th {\n",
       "        vertical-align: top;\n",
       "    }\n",
       "\n",
       "    .dataframe thead th {\n",
       "        text-align: right;\n",
       "    }\n",
       "</style>\n",
       "<table border=\"1\" class=\"dataframe\">\n",
       "  <thead>\n",
       "    <tr style=\"text-align: right;\">\n",
       "      <th></th>\n",
       "      <th>0</th>\n",
       "      <th>1</th>\n",
       "      <th>2</th>\n",
       "      <th>3</th>\n",
       "      <th>4</th>\n",
       "      <th>5</th>\n",
       "      <th>6</th>\n",
       "      <th>7</th>\n",
       "      <th>8</th>\n",
       "      <th>9</th>\n",
       "      <th>10</th>\n",
       "      <th>11</th>\n",
       "      <th>12</th>\n",
       "      <th>13</th>\n",
       "      <th>14</th>\n",
       "      <th>15</th>\n",
       "      <th>16</th>\n",
       "      <th>17</th>\n",
       "      <th>18</th>\n",
       "    </tr>\n",
       "  </thead>\n",
       "  <tbody>\n",
       "    <tr>\n",
       "      <th>0</th>\n",
       "      <td>1.000000</td>\n",
       "      <td>0.293046</td>\n",
       "      <td>0.748465</td>\n",
       "      <td>0.903825</td>\n",
       "      <td>0.858770</td>\n",
       "      <td>0.913741</td>\n",
       "      <td>0.915757</td>\n",
       "      <td>0.887895</td>\n",
       "      <td>0.854997</td>\n",
       "      <td>0.883450</td>\n",
       "      <td>0.865082</td>\n",
       "      <td>0.952061</td>\n",
       "      <td>0.943028</td>\n",
       "      <td>0.938426</td>\n",
       "      <td>0.935508</td>\n",
       "      <td>0.926747</td>\n",
       "      <td>0.950085</td>\n",
       "      <td>0.853452</td>\n",
       "      <td>0.885709</td>\n",
       "    </tr>\n",
       "    <tr>\n",
       "      <th>1</th>\n",
       "      <td>0.293046</td>\n",
       "      <td>1.000000</td>\n",
       "      <td>0.236913</td>\n",
       "      <td>0.290572</td>\n",
       "      <td>0.252026</td>\n",
       "      <td>0.235431</td>\n",
       "      <td>0.271639</td>\n",
       "      <td>0.280099</td>\n",
       "      <td>0.278878</td>\n",
       "      <td>0.279186</td>\n",
       "      <td>0.289216</td>\n",
       "      <td>0.285749</td>\n",
       "      <td>0.273235</td>\n",
       "      <td>0.323863</td>\n",
       "      <td>0.283436</td>\n",
       "      <td>0.281035</td>\n",
       "      <td>0.303977</td>\n",
       "      <td>0.252167</td>\n",
       "      <td>0.266686</td>\n",
       "    </tr>\n",
       "    <tr>\n",
       "      <th>2</th>\n",
       "      <td>0.748465</td>\n",
       "      <td>0.236913</td>\n",
       "      <td>1.000000</td>\n",
       "      <td>0.763570</td>\n",
       "      <td>0.688784</td>\n",
       "      <td>0.692918</td>\n",
       "      <td>0.716281</td>\n",
       "      <td>0.701430</td>\n",
       "      <td>0.739819</td>\n",
       "      <td>0.788786</td>\n",
       "      <td>0.751240</td>\n",
       "      <td>0.736705</td>\n",
       "      <td>0.721686</td>\n",
       "      <td>0.736985</td>\n",
       "      <td>0.727355</td>\n",
       "      <td>0.700181</td>\n",
       "      <td>0.732918</td>\n",
       "      <td>0.733963</td>\n",
       "      <td>0.723283</td>\n",
       "    </tr>\n",
       "    <tr>\n",
       "      <th>3</th>\n",
       "      <td>0.903825</td>\n",
       "      <td>0.290572</td>\n",
       "      <td>0.763570</td>\n",
       "      <td>1.000000</td>\n",
       "      <td>0.811723</td>\n",
       "      <td>0.865105</td>\n",
       "      <td>0.862984</td>\n",
       "      <td>0.834540</td>\n",
       "      <td>0.871776</td>\n",
       "      <td>0.926757</td>\n",
       "      <td>0.882212</td>\n",
       "      <td>0.893764</td>\n",
       "      <td>0.879294</td>\n",
       "      <td>0.877782</td>\n",
       "      <td>0.877190</td>\n",
       "      <td>0.877899</td>\n",
       "      <td>0.900562</td>\n",
       "      <td>0.834411</td>\n",
       "      <td>0.857522</td>\n",
       "    </tr>\n",
       "    <tr>\n",
       "      <th>4</th>\n",
       "      <td>0.858770</td>\n",
       "      <td>0.252026</td>\n",
       "      <td>0.688784</td>\n",
       "      <td>0.811723</td>\n",
       "      <td>1.000000</td>\n",
       "      <td>0.835914</td>\n",
       "      <td>0.826082</td>\n",
       "      <td>0.828186</td>\n",
       "      <td>0.786828</td>\n",
       "      <td>0.800988</td>\n",
       "      <td>0.784949</td>\n",
       "      <td>0.858200</td>\n",
       "      <td>0.833640</td>\n",
       "      <td>0.835677</td>\n",
       "      <td>0.861496</td>\n",
       "      <td>0.846611</td>\n",
       "      <td>0.840565</td>\n",
       "      <td>0.794877</td>\n",
       "      <td>0.849003</td>\n",
       "    </tr>\n",
       "    <tr>\n",
       "      <th>5</th>\n",
       "      <td>0.913741</td>\n",
       "      <td>0.235431</td>\n",
       "      <td>0.692918</td>\n",
       "      <td>0.865105</td>\n",
       "      <td>0.835914</td>\n",
       "      <td>1.000000</td>\n",
       "      <td>0.929024</td>\n",
       "      <td>0.886933</td>\n",
       "      <td>0.808248</td>\n",
       "      <td>0.846818</td>\n",
       "      <td>0.812648</td>\n",
       "      <td>0.913002</td>\n",
       "      <td>0.902511</td>\n",
       "      <td>0.836497</td>\n",
       "      <td>0.903552</td>\n",
       "      <td>0.881132</td>\n",
       "      <td>0.897464</td>\n",
       "      <td>0.832066</td>\n",
       "      <td>0.852471</td>\n",
       "    </tr>\n",
       "    <tr>\n",
       "      <th>6</th>\n",
       "      <td>0.915757</td>\n",
       "      <td>0.271639</td>\n",
       "      <td>0.716281</td>\n",
       "      <td>0.862984</td>\n",
       "      <td>0.826082</td>\n",
       "      <td>0.929024</td>\n",
       "      <td>1.000000</td>\n",
       "      <td>0.881035</td>\n",
       "      <td>0.817656</td>\n",
       "      <td>0.859132</td>\n",
       "      <td>0.829117</td>\n",
       "      <td>0.905172</td>\n",
       "      <td>0.896542</td>\n",
       "      <td>0.885066</td>\n",
       "      <td>0.891512</td>\n",
       "      <td>0.869723</td>\n",
       "      <td>0.907291</td>\n",
       "      <td>0.815101</td>\n",
       "      <td>0.841891</td>\n",
       "    </tr>\n",
       "    <tr>\n",
       "      <th>7</th>\n",
       "      <td>0.887895</td>\n",
       "      <td>0.280099</td>\n",
       "      <td>0.701430</td>\n",
       "      <td>0.834540</td>\n",
       "      <td>0.828186</td>\n",
       "      <td>0.886933</td>\n",
       "      <td>0.881035</td>\n",
       "      <td>1.000000</td>\n",
       "      <td>0.803552</td>\n",
       "      <td>0.818584</td>\n",
       "      <td>0.799848</td>\n",
       "      <td>0.881840</td>\n",
       "      <td>0.857176</td>\n",
       "      <td>0.855920</td>\n",
       "      <td>0.886035</td>\n",
       "      <td>0.875424</td>\n",
       "      <td>0.857158</td>\n",
       "      <td>0.806746</td>\n",
       "      <td>0.833768</td>\n",
       "    </tr>\n",
       "    <tr>\n",
       "      <th>8</th>\n",
       "      <td>0.854997</td>\n",
       "      <td>0.278878</td>\n",
       "      <td>0.739819</td>\n",
       "      <td>0.871776</td>\n",
       "      <td>0.786828</td>\n",
       "      <td>0.808248</td>\n",
       "      <td>0.817656</td>\n",
       "      <td>0.803552</td>\n",
       "      <td>1.000000</td>\n",
       "      <td>0.886162</td>\n",
       "      <td>0.954854</td>\n",
       "      <td>0.849584</td>\n",
       "      <td>0.823212</td>\n",
       "      <td>0.838562</td>\n",
       "      <td>0.836287</td>\n",
       "      <td>0.840034</td>\n",
       "      <td>0.841996</td>\n",
       "      <td>0.791041</td>\n",
       "      <td>0.833259</td>\n",
       "    </tr>\n",
       "    <tr>\n",
       "      <th>9</th>\n",
       "      <td>0.883450</td>\n",
       "      <td>0.279186</td>\n",
       "      <td>0.788786</td>\n",
       "      <td>0.926757</td>\n",
       "      <td>0.800988</td>\n",
       "      <td>0.846818</td>\n",
       "      <td>0.859132</td>\n",
       "      <td>0.818584</td>\n",
       "      <td>0.886162</td>\n",
       "      <td>1.000000</td>\n",
       "      <td>0.898910</td>\n",
       "      <td>0.876591</td>\n",
       "      <td>0.850783</td>\n",
       "      <td>0.855255</td>\n",
       "      <td>0.858623</td>\n",
       "      <td>0.849134</td>\n",
       "      <td>0.874283</td>\n",
       "      <td>0.827133</td>\n",
       "      <td>0.848955</td>\n",
       "    </tr>\n",
       "    <tr>\n",
       "      <th>10</th>\n",
       "      <td>0.865082</td>\n",
       "      <td>0.289216</td>\n",
       "      <td>0.751240</td>\n",
       "      <td>0.882212</td>\n",
       "      <td>0.784949</td>\n",
       "      <td>0.812648</td>\n",
       "      <td>0.829117</td>\n",
       "      <td>0.799848</td>\n",
       "      <td>0.954854</td>\n",
       "      <td>0.898910</td>\n",
       "      <td>1.000000</td>\n",
       "      <td>0.856878</td>\n",
       "      <td>0.840399</td>\n",
       "      <td>0.852693</td>\n",
       "      <td>0.837635</td>\n",
       "      <td>0.843006</td>\n",
       "      <td>0.859824</td>\n",
       "      <td>0.793563</td>\n",
       "      <td>0.837497</td>\n",
       "    </tr>\n",
       "    <tr>\n",
       "      <th>11</th>\n",
       "      <td>0.952061</td>\n",
       "      <td>0.285749</td>\n",
       "      <td>0.736705</td>\n",
       "      <td>0.893764</td>\n",
       "      <td>0.858200</td>\n",
       "      <td>0.913002</td>\n",
       "      <td>0.905172</td>\n",
       "      <td>0.881840</td>\n",
       "      <td>0.849584</td>\n",
       "      <td>0.876591</td>\n",
       "      <td>0.856878</td>\n",
       "      <td>1.000000</td>\n",
       "      <td>0.947505</td>\n",
       "      <td>0.939308</td>\n",
       "      <td>0.945209</td>\n",
       "      <td>0.937331</td>\n",
       "      <td>0.961610</td>\n",
       "      <td>0.854599</td>\n",
       "      <td>0.886694</td>\n",
       "    </tr>\n",
       "    <tr>\n",
       "      <th>12</th>\n",
       "      <td>0.943028</td>\n",
       "      <td>0.273235</td>\n",
       "      <td>0.721686</td>\n",
       "      <td>0.879294</td>\n",
       "      <td>0.833640</td>\n",
       "      <td>0.902511</td>\n",
       "      <td>0.896542</td>\n",
       "      <td>0.857176</td>\n",
       "      <td>0.823212</td>\n",
       "      <td>0.850783</td>\n",
       "      <td>0.840399</td>\n",
       "      <td>0.947505</td>\n",
       "      <td>1.000000</td>\n",
       "      <td>0.924518</td>\n",
       "      <td>0.916614</td>\n",
       "      <td>0.910796</td>\n",
       "      <td>0.947168</td>\n",
       "      <td>0.814929</td>\n",
       "      <td>0.860222</td>\n",
       "    </tr>\n",
       "    <tr>\n",
       "      <th>13</th>\n",
       "      <td>0.938426</td>\n",
       "      <td>0.323863</td>\n",
       "      <td>0.736985</td>\n",
       "      <td>0.877782</td>\n",
       "      <td>0.835677</td>\n",
       "      <td>0.836497</td>\n",
       "      <td>0.885066</td>\n",
       "      <td>0.855920</td>\n",
       "      <td>0.838562</td>\n",
       "      <td>0.855255</td>\n",
       "      <td>0.852693</td>\n",
       "      <td>0.939308</td>\n",
       "      <td>0.924518</td>\n",
       "      <td>1.000000</td>\n",
       "      <td>0.913923</td>\n",
       "      <td>0.925052</td>\n",
       "      <td>0.948244</td>\n",
       "      <td>0.818804</td>\n",
       "      <td>0.856586</td>\n",
       "    </tr>\n",
       "    <tr>\n",
       "      <th>14</th>\n",
       "      <td>0.935508</td>\n",
       "      <td>0.283436</td>\n",
       "      <td>0.727355</td>\n",
       "      <td>0.877190</td>\n",
       "      <td>0.861496</td>\n",
       "      <td>0.903552</td>\n",
       "      <td>0.891512</td>\n",
       "      <td>0.886035</td>\n",
       "      <td>0.836287</td>\n",
       "      <td>0.858623</td>\n",
       "      <td>0.837635</td>\n",
       "      <td>0.945209</td>\n",
       "      <td>0.916614</td>\n",
       "      <td>0.913923</td>\n",
       "      <td>1.000000</td>\n",
       "      <td>0.927788</td>\n",
       "      <td>0.927181</td>\n",
       "      <td>0.844042</td>\n",
       "      <td>0.874733</td>\n",
       "    </tr>\n",
       "    <tr>\n",
       "      <th>15</th>\n",
       "      <td>0.926747</td>\n",
       "      <td>0.281035</td>\n",
       "      <td>0.700181</td>\n",
       "      <td>0.877899</td>\n",
       "      <td>0.846611</td>\n",
       "      <td>0.881132</td>\n",
       "      <td>0.869723</td>\n",
       "      <td>0.875424</td>\n",
       "      <td>0.840034</td>\n",
       "      <td>0.849134</td>\n",
       "      <td>0.843006</td>\n",
       "      <td>0.937331</td>\n",
       "      <td>0.910796</td>\n",
       "      <td>0.925052</td>\n",
       "      <td>0.927788</td>\n",
       "      <td>1.000000</td>\n",
       "      <td>0.926432</td>\n",
       "      <td>0.820407</td>\n",
       "      <td>0.869075</td>\n",
       "    </tr>\n",
       "    <tr>\n",
       "      <th>16</th>\n",
       "      <td>0.950085</td>\n",
       "      <td>0.303977</td>\n",
       "      <td>0.732918</td>\n",
       "      <td>0.900562</td>\n",
       "      <td>0.840565</td>\n",
       "      <td>0.897464</td>\n",
       "      <td>0.907291</td>\n",
       "      <td>0.857158</td>\n",
       "      <td>0.841996</td>\n",
       "      <td>0.874283</td>\n",
       "      <td>0.859824</td>\n",
       "      <td>0.961610</td>\n",
       "      <td>0.947168</td>\n",
       "      <td>0.948244</td>\n",
       "      <td>0.927181</td>\n",
       "      <td>0.926432</td>\n",
       "      <td>1.000000</td>\n",
       "      <td>0.834231</td>\n",
       "      <td>0.876211</td>\n",
       "    </tr>\n",
       "    <tr>\n",
       "      <th>17</th>\n",
       "      <td>0.853452</td>\n",
       "      <td>0.252167</td>\n",
       "      <td>0.733963</td>\n",
       "      <td>0.834411</td>\n",
       "      <td>0.794877</td>\n",
       "      <td>0.832066</td>\n",
       "      <td>0.815101</td>\n",
       "      <td>0.806746</td>\n",
       "      <td>0.791041</td>\n",
       "      <td>0.827133</td>\n",
       "      <td>0.793563</td>\n",
       "      <td>0.854599</td>\n",
       "      <td>0.814929</td>\n",
       "      <td>0.818804</td>\n",
       "      <td>0.844042</td>\n",
       "      <td>0.820407</td>\n",
       "      <td>0.834231</td>\n",
       "      <td>1.000000</td>\n",
       "      <td>0.811589</td>\n",
       "    </tr>\n",
       "    <tr>\n",
       "      <th>18</th>\n",
       "      <td>0.885709</td>\n",
       "      <td>0.266686</td>\n",
       "      <td>0.723283</td>\n",
       "      <td>0.857522</td>\n",
       "      <td>0.849003</td>\n",
       "      <td>0.852471</td>\n",
       "      <td>0.841891</td>\n",
       "      <td>0.833768</td>\n",
       "      <td>0.833259</td>\n",
       "      <td>0.848955</td>\n",
       "      <td>0.837497</td>\n",
       "      <td>0.886694</td>\n",
       "      <td>0.860222</td>\n",
       "      <td>0.856586</td>\n",
       "      <td>0.874733</td>\n",
       "      <td>0.869075</td>\n",
       "      <td>0.876211</td>\n",
       "      <td>0.811589</td>\n",
       "      <td>1.000000</td>\n",
       "    </tr>\n",
       "  </tbody>\n",
       "</table>\n",
       "</div>"
      ],
      "text/plain": [
       "          0         1         2         3         4         5         6   \\\n",
       "0   1.000000  0.293046  0.748465  0.903825  0.858770  0.913741  0.915757   \n",
       "1   0.293046  1.000000  0.236913  0.290572  0.252026  0.235431  0.271639   \n",
       "2   0.748465  0.236913  1.000000  0.763570  0.688784  0.692918  0.716281   \n",
       "3   0.903825  0.290572  0.763570  1.000000  0.811723  0.865105  0.862984   \n",
       "4   0.858770  0.252026  0.688784  0.811723  1.000000  0.835914  0.826082   \n",
       "5   0.913741  0.235431  0.692918  0.865105  0.835914  1.000000  0.929024   \n",
       "6   0.915757  0.271639  0.716281  0.862984  0.826082  0.929024  1.000000   \n",
       "7   0.887895  0.280099  0.701430  0.834540  0.828186  0.886933  0.881035   \n",
       "8   0.854997  0.278878  0.739819  0.871776  0.786828  0.808248  0.817656   \n",
       "9   0.883450  0.279186  0.788786  0.926757  0.800988  0.846818  0.859132   \n",
       "10  0.865082  0.289216  0.751240  0.882212  0.784949  0.812648  0.829117   \n",
       "11  0.952061  0.285749  0.736705  0.893764  0.858200  0.913002  0.905172   \n",
       "12  0.943028  0.273235  0.721686  0.879294  0.833640  0.902511  0.896542   \n",
       "13  0.938426  0.323863  0.736985  0.877782  0.835677  0.836497  0.885066   \n",
       "14  0.935508  0.283436  0.727355  0.877190  0.861496  0.903552  0.891512   \n",
       "15  0.926747  0.281035  0.700181  0.877899  0.846611  0.881132  0.869723   \n",
       "16  0.950085  0.303977  0.732918  0.900562  0.840565  0.897464  0.907291   \n",
       "17  0.853452  0.252167  0.733963  0.834411  0.794877  0.832066  0.815101   \n",
       "18  0.885709  0.266686  0.723283  0.857522  0.849003  0.852471  0.841891   \n",
       "\n",
       "          7         8         9         10        11        12        13  \\\n",
       "0   0.887895  0.854997  0.883450  0.865082  0.952061  0.943028  0.938426   \n",
       "1   0.280099  0.278878  0.279186  0.289216  0.285749  0.273235  0.323863   \n",
       "2   0.701430  0.739819  0.788786  0.751240  0.736705  0.721686  0.736985   \n",
       "3   0.834540  0.871776  0.926757  0.882212  0.893764  0.879294  0.877782   \n",
       "4   0.828186  0.786828  0.800988  0.784949  0.858200  0.833640  0.835677   \n",
       "5   0.886933  0.808248  0.846818  0.812648  0.913002  0.902511  0.836497   \n",
       "6   0.881035  0.817656  0.859132  0.829117  0.905172  0.896542  0.885066   \n",
       "7   1.000000  0.803552  0.818584  0.799848  0.881840  0.857176  0.855920   \n",
       "8   0.803552  1.000000  0.886162  0.954854  0.849584  0.823212  0.838562   \n",
       "9   0.818584  0.886162  1.000000  0.898910  0.876591  0.850783  0.855255   \n",
       "10  0.799848  0.954854  0.898910  1.000000  0.856878  0.840399  0.852693   \n",
       "11  0.881840  0.849584  0.876591  0.856878  1.000000  0.947505  0.939308   \n",
       "12  0.857176  0.823212  0.850783  0.840399  0.947505  1.000000  0.924518   \n",
       "13  0.855920  0.838562  0.855255  0.852693  0.939308  0.924518  1.000000   \n",
       "14  0.886035  0.836287  0.858623  0.837635  0.945209  0.916614  0.913923   \n",
       "15  0.875424  0.840034  0.849134  0.843006  0.937331  0.910796  0.925052   \n",
       "16  0.857158  0.841996  0.874283  0.859824  0.961610  0.947168  0.948244   \n",
       "17  0.806746  0.791041  0.827133  0.793563  0.854599  0.814929  0.818804   \n",
       "18  0.833768  0.833259  0.848955  0.837497  0.886694  0.860222  0.856586   \n",
       "\n",
       "          14        15        16        17        18  \n",
       "0   0.935508  0.926747  0.950085  0.853452  0.885709  \n",
       "1   0.283436  0.281035  0.303977  0.252167  0.266686  \n",
       "2   0.727355  0.700181  0.732918  0.733963  0.723283  \n",
       "3   0.877190  0.877899  0.900562  0.834411  0.857522  \n",
       "4   0.861496  0.846611  0.840565  0.794877  0.849003  \n",
       "5   0.903552  0.881132  0.897464  0.832066  0.852471  \n",
       "6   0.891512  0.869723  0.907291  0.815101  0.841891  \n",
       "7   0.886035  0.875424  0.857158  0.806746  0.833768  \n",
       "8   0.836287  0.840034  0.841996  0.791041  0.833259  \n",
       "9   0.858623  0.849134  0.874283  0.827133  0.848955  \n",
       "10  0.837635  0.843006  0.859824  0.793563  0.837497  \n",
       "11  0.945209  0.937331  0.961610  0.854599  0.886694  \n",
       "12  0.916614  0.910796  0.947168  0.814929  0.860222  \n",
       "13  0.913923  0.925052  0.948244  0.818804  0.856586  \n",
       "14  1.000000  0.927788  0.927181  0.844042  0.874733  \n",
       "15  0.927788  1.000000  0.926432  0.820407  0.869075  \n",
       "16  0.927181  0.926432  1.000000  0.834231  0.876211  \n",
       "17  0.844042  0.820407  0.834231  1.000000  0.811589  \n",
       "18  0.874733  0.869075  0.876211  0.811589  1.000000  "
      ]
     },
     "execution_count": 59,
     "metadata": {},
     "output_type": "execute_result"
    }
   ],
   "source": [
    "pd.DataFrame(np.corrcoef(solar.T))"
   ]
  },
  {
   "cell_type": "code",
   "execution_count": 72,
   "metadata": {},
   "outputs": [],
   "source": [
    "temp = pd.read_csv('./dataset/features/total_area_2017_2020_기온(°C).csv', encoding='cp949', index_col=0)"
   ]
  },
  {
   "cell_type": "code",
   "execution_count": 73,
   "metadata": {},
   "outputs": [],
   "source": [
    "temp = temp.interpolate()"
   ]
  },
  {
   "cell_type": "code",
   "execution_count": 75,
   "metadata": {},
   "outputs": [],
   "source": [
    "temp = temp.T.dropna().T"
   ]
  },
  {
   "cell_type": "code",
   "execution_count": 76,
   "metadata": {},
   "outputs": [
    {
     "data": {
      "text/html": [
       "<div>\n",
       "<style scoped>\n",
       "    .dataframe tbody tr th:only-of-type {\n",
       "        vertical-align: middle;\n",
       "    }\n",
       "\n",
       "    .dataframe tbody tr th {\n",
       "        vertical-align: top;\n",
       "    }\n",
       "\n",
       "    .dataframe thead th {\n",
       "        text-align: right;\n",
       "    }\n",
       "</style>\n",
       "<table border=\"1\" class=\"dataframe\">\n",
       "  <thead>\n",
       "    <tr style=\"text-align: right;\">\n",
       "      <th></th>\n",
       "      <th>0</th>\n",
       "      <th>1</th>\n",
       "      <th>2</th>\n",
       "      <th>3</th>\n",
       "      <th>4</th>\n",
       "      <th>5</th>\n",
       "      <th>6</th>\n",
       "      <th>7</th>\n",
       "      <th>8</th>\n",
       "      <th>9</th>\n",
       "      <th>...</th>\n",
       "      <th>28</th>\n",
       "      <th>29</th>\n",
       "      <th>30</th>\n",
       "      <th>31</th>\n",
       "      <th>32</th>\n",
       "      <th>33</th>\n",
       "      <th>34</th>\n",
       "      <th>35</th>\n",
       "      <th>36</th>\n",
       "      <th>37</th>\n",
       "    </tr>\n",
       "  </thead>\n",
       "  <tbody>\n",
       "    <tr>\n",
       "      <th>0</th>\n",
       "      <td>1.000000</td>\n",
       "      <td>0.977791</td>\n",
       "      <td>0.979072</td>\n",
       "      <td>1.000000</td>\n",
       "      <td>0.961440</td>\n",
       "      <td>0.968905</td>\n",
       "      <td>0.940440</td>\n",
       "      <td>0.960504</td>\n",
       "      <td>0.960504</td>\n",
       "      <td>0.960504</td>\n",
       "      <td>...</td>\n",
       "      <td>0.962609</td>\n",
       "      <td>0.962609</td>\n",
       "      <td>0.927734</td>\n",
       "      <td>0.961440</td>\n",
       "      <td>0.977791</td>\n",
       "      <td>0.970364</td>\n",
       "      <td>0.934446</td>\n",
       "      <td>0.954855</td>\n",
       "      <td>0.977323</td>\n",
       "      <td>0.971776</td>\n",
       "    </tr>\n",
       "    <tr>\n",
       "      <th>1</th>\n",
       "      <td>0.977791</td>\n",
       "      <td>1.000000</td>\n",
       "      <td>0.976970</td>\n",
       "      <td>0.977791</td>\n",
       "      <td>0.973406</td>\n",
       "      <td>0.970508</td>\n",
       "      <td>0.965760</td>\n",
       "      <td>0.982495</td>\n",
       "      <td>0.982495</td>\n",
       "      <td>0.982495</td>\n",
       "      <td>...</td>\n",
       "      <td>0.970200</td>\n",
       "      <td>0.970200</td>\n",
       "      <td>0.950860</td>\n",
       "      <td>0.973406</td>\n",
       "      <td>1.000000</td>\n",
       "      <td>0.979217</td>\n",
       "      <td>0.963492</td>\n",
       "      <td>0.975422</td>\n",
       "      <td>0.979768</td>\n",
       "      <td>0.985967</td>\n",
       "    </tr>\n",
       "    <tr>\n",
       "      <th>2</th>\n",
       "      <td>0.979072</td>\n",
       "      <td>0.976970</td>\n",
       "      <td>1.000000</td>\n",
