,경상대,남제주소내,부산복합자재창고,영월본부,인천수산정수장,하동보건소,신안
경상대,1.0,0.8587703310573025,0.9137411242665499,0.883449948108613,0.8650822487186756,0.9384260144272115,0.8857087954531189
남제주소내,0.8587703310573025,1.0,0.8359136143229212,0.8009884166338922,0.7849485267807622,0.8356769165998738,0.8490031503334311
부산복합자재창고,0.9137411242665499,0.8359136143229212,1.0,0.8468182664616117,0.8126478806444101,0.8364969328437909,0.8524713681832083
영월본부,0.883449948108613,0.8009884166338922,0.8468182664616117,1.0,0.8989095696463224,0.8552554931636889,0.8489552361138313
인천수산정수장,0.8650822487186756,0.7849485267807622,0.8126478806444101,0.8989095696463224,1.0,0.8526925692735827,0.8374971951041253
하동보건소,0.9384260144272115,0.8356769165998738,0.8364969328437909,0.8552554931636889,0.8526925692735827,1.0,0.856586471457185
신안,0.8857087954531189,0.8490031503334311,0.8524713681832083,0.8489552361138313,0.8374971951041253,0.856586471457185,1.0
